Datum	0	1	2.5	5	7.5	10	12.5	15	17.5	20	22.5	25	27.5	30
06.05.1942	14.12		14.3	12.95	12.84	10.36		9.26		8.16		7.39		
14.10.1942	9.57		9.12	9.3	9.18	0.72		0.68		0.72		0.59		6.62
09.09.1947	10.57		10.87	10.13	0.76	0.6	0.67	0.41		0.28		0.27		0
24.06.1948	12.26		12.26	11.99	4.66	0.73	1.12	1.28		1.31		0.64		0.29
17.03.1949	12.93		12.58	12.23	12.24	12.24		12.3		12.36		13.01		13.04
30.03.1949	14.43		14.57	12.91	12.6	12.35		12.46		12.25		12.21		11.76
20.04.1949	21.65		12.19	11.11	11.51	11.16		11.14		11.12		11.19		9.81
31.05.1949	14		11.56	3.76	3.82	5.55	5.33	5.89		5.54		5.69		3.6
08.07.1949	10.85		10.89	10.05	0.99	0.37	1.15	1.91		1.93		1.57		0.34
20.07.1949	9.86		9.56	9.48	0.68	0.31	0.25	0.29		1.14		0.95		0.17
26.08.1949	9.94		10.06	9.3	1.76	0.92	0.48	0.32		0.37		0.41		0
22.09.1949	9.84		8.79	8.97	0.38	0.37	0.38	0.38		0.33		0.36		0
04.11.1949	8.09		8.09	8.09	8.09	7.86		0.35		0.5		0.39		0
08.12.1949	6.87		6.7	6.6	6.5	6.49		6.13		4.09		1.52		0
10.01.1950	7.91		7.86	7.81	7.98	8.03		8.43		7.61		8.41		7.77
16.02.1950	10.44		10.42	10.4	10.53	10.67		10.55		10.55		10.6		10.88
16.03.1950	11.95		11.85	11.77	11.77	11.77		11.63		11.44		11.26		11.19
14.04.1950	13.92		13.67	13.71	13.81	14.36		12.07		11.58		11.29		10.83
10.05.1950	11		11.09	10.08	10.16	10.11		10		9.32		8.4		6.44
12.06.1950	14.96		14.67	6.68	6.01	6.75		6.22		4.91		3.45		0.61
12.07.1950	13.06		13.2	11.31	0.3	0.9		2.04		2.63		1.34		0.59
09.08.1950	12.87		12.54	1.38	1.6	0.56		0.29		0.33		0.31		0
06.09.1950	8.88		7.45	5.66	0.32	1.06		0.67		0.58		0.58		0
05.10.1950	11.59		11.7	10.26	10.06	0.4		1.29		0.49		0.41		0.16
06.11.1950	6.73		6.8	6.82	6.99	6.91		0.91		0.9		0		0
04.12.1950	6.98		6.98	6.98	6.98	6.98		6.89		7.26		6.86		1.5
08.02.1951	9.27		9.23	9.18	9.02	8.9		8.92		8.3		7.62		6.94
08.03.1951	11.7		11.3	10.9	10.6	10.3		10.1		10.3		9.4		8
03.04.1951	12.26		12.02	11.87	12.15	12.54		11.96		11.72		11.53		10.47
07.05.1951	16.87		16.48	11.79	10.87	10.31		10.05		9.75		8.64		7.6
07.06.1951	12.42		11.96	11.42	6.99	5.82		5.49		5.44		5.84		2.6
03.07.1951	10.5		10.2	8.6	4.2	4.2		4		3.5		2.9		0.3
04.09.1951	11.75		11.92	3.02	0.58	0.23		0.23		0.3		0.27		0.58
02.10.1951	9.88		9.54	9.27	5.91	0.51		0.31		0.4		0.29		0
11.09.1952	7.65		7.65	7.5	0.35	0.21		0.26		0.22		0.27		0.3
27.01.1953	11.25		10.98	10.71	10.01	9.32		8.7		7.92		7.38		6.75
03.03.1953	8.81		8.66	8.75	8.72	8.25		8.27		6.13		4.86		6.24
27.03.1953	14.26		14.46	14.41	12.72	9.97		8.32		7.89		2.85		1.53
17.04.1953	14.78		14.54	13.51	12.33	11.38		7.49		6.47		5.09		2.67
26.05.1953	10.77		10.61	9.44	5.88	3.87		2.6		1.85		0.85		0.52
23.06.1953	15.14		15.08	10.23	2.95	1.16		0.21		0.22		0.33		0.21
27.07.1953	12.1		14.71	5.93	0.69	0.38		0.21		0.27		0.29		0.11
25.08.1953	9.49		9.47	5.57	0.2	0.29		0.47		0.27		0.28		0.17
21.09.1953	9.29		9.41	8.88	0.21	0.9		0.99		0.91		0.79		0.29
20.10.1953	9.5		9.32	9.09	7.46	0.49		0.15		0.24		0.18		0
18.11.1953	7.69		7.61	7.55	7.64	1.39		0.27		0.28		0.18		0
14.12.1953	6.19		6.25	6.3	6.46	6.62		6.52		0.31		0.18		0
08.02.1954	10.73		10.53	9.85	9.65	9.45		9.1		8.61		7.4		5.72
10.03.1954	9.44		9.55	9.45	9.4	9.41		9.18		9.32		5.95		3.88
21.04.1954	14.24		13.44	11.75	11.56	11.18		10.21		9.74		8.96		7.34
18.05.1954	13.19		12.93	10.92	10.55	8.66		7.45		6.65		5.52		3.71
15.06.1954	9.41		9.1	8.32	4.22	4.01		4.25		3.41		3.11		0.38
20.07.1954	11.5		10.96	9.44	2.05	0.85		0.81		1.07		0.59		0.33
26.08.1954	10.35		10.45	10.14	6.52	8.09		0.23		0.17		0.23		0.17
14.09.1954	11.91		11.66	6.02	2.02	0.84		0.58		0.52		0.44		0.51
20.10.1954	12.05		11.61	11.43	10.6	0.34		0.26		0.28		0.29		0
23.11.1954	7.88		7.74	7.61	7.6	7.6		0.28		0.29		0.11		0
21.12.1954	4.69		4.67	4.66	4.75	4.85		4.68		4.54		3.23		0.05
26.01.1955	9.96		9.98	10.03	10.02	10.01		9.95		9.92		9.79		8.74
18.07.1955	19.57		14.28	7.65	0.66	1.22		1.56		1.94		1.22		0.15
19.09.1955	10.75		10.66	9.56	4.35	0.17		0.17		0.12		0.12		0.17
17.02.1956	12.51		10.22	7.94	7.61	7.29		7.18		7.29		6.95		6.42
26.03.1956	9.9		10.5	11.11	10.55	9.99		9.58		9.27		9.12		9.49
24.04.1956	16.53		15.56	14.58	12.92	11.26		10.36		9.64		8.94		7.83
16.05.1956	10.24		10.06	9.49	7.23	6.31		7.04		6.45		6.29		3.66
12.06.1956	13.1		12.92	9.34	4.79	4.26		3.62		3.26		3.53		0.34
03.07.1956	11.79		11.1	7.95	2.5	1.98		2.14		1.03		0.16		0.15
06.08.1956	17.05		16.28	11.42	1.7	0.3		0.23		0.23		0.17		0.23
11.09.1956	14.85		14.83	9.47	0.29	0.23	0.18	0.23	0.26	0.3		0.16		0
11.10.1956	7.46		7.4	7.4	7.26	0.29	0.17	0.06		0		0		0
07.11.1956	6.8		6.65	6.5	6.48	6.46		0		0		0		0
05.12.1956	4.66		4.58	4.49	4.33	4.17		4.07		5.17		5.09		5.83
15.01.1957	6.27		6.22	6.17	6.12	6.07		6		6.01		6.05		3.29
19.02.1957	7.21		7.23	7.25	7.1	6.95		7.05		7.14		7.05		8.29
18.03.1957	12.77		12.56	12.34	11.48	10.62		8.84		7.9		7.44		6.8
10.04.1957	12.54		12.42	12.29	12.17	12.05		7.4		7.26		6.44		6.3
06.05.1957	8.76		8.5	8.24	7.34	6.44		5.71		5.1		4.8		1.67
04.06.1957	16.11		13.08	10.05	6.95	3.84		2.76		1.99		1.24		0.17
02.07.1957	21.39		14	6.6	3.98	1.35		0.59		0.34		0.24		0.17
15.08.1957	10.57		8.04	5.5	0.26	0.12		0.06		0.06		0.19		0.03
20.09.1957	18		13.61	9.21	8.14	0.17		0.11		0.18		0.11		0.12
30.10.1957	10.09		9.93	9.77	8.76	7.74		0.22		0.11		0		0
21.11.1957	7.08		7.11	7.14	7.15	7.15		0.12		0.06		0		0
17.12.1957	4.33		4.37	4.42	4.26	4.1		4.22		4.28		4.34		4.3
22.01.1958	8.42		8.35	8.24	8.39	8.12	8.31	8.21	8.16	7.99		8.31		7.18
19.02.1958	9.17		9.27	9.23	9.04	9.13	9.07	9.04	8.95	9.04		8.94		9.15
18.03.1958	10.71		11.21	11.1	10.83	10.6	11.07	10.48	10.45	10.78		10.55		10.97
17.04.1958	12.58		12.48	12.02	12.13	11.98	12.04	11.9	12.35	12.02		11.81		11.66
20.05.1958	10.91		11.49	10.23	9.54	8.88	8.76	8.97	9.35	9.37		8.97		7.18
17.06.1958	12.76		14.88	10.64	6.64	6.01	6.27	5.52	5.14	5.54		4.84		0.47
16.07.1958	18.1		18.35	8.2	2.8	3.12	2.7	2.8	3.65	3.16		1.86		0.17
15.08.1958	14.21		12.5	1.61	0.29	0.23	0.41	0.28	0.23	0.23		0.17		0.17
23.09.1958	7.73		7.77	7.58	3.88	0.28	0.23	0.23	0.15	0.17		0.18		0
28.10.1958	8.38		8.19	8.15	8.06	8.13	0.18	0.17	0.14	0.15		0.12		0
15.12.1958	4.75		4.52	4.49	4.67	4.85	5.06	5.29	5.3	5.31		5.3		5.47
13.01.1959	8.41		8.3	8.19	8.15	8.1	8.12	8.15	8.1	8.05		8.15		8.27
24.03.1959	20.87		18.66	13.71	10.73	10.58	10.35	9.93	9.9	9.76		9.28		6.71
28.04.1959	9.85		9.66	9.08	8.01	7.47	7.38	7.06	6.94	6.56		5.46		3.22
21.05.1959	18.27		17.33	8.64	6.33	5.39	4.11	4.71	4.42	3.74		2.24		0.88
16.06.1959	11.66		11.95	9.12	2.98	2.28	1.81	1.33	1.81	2.05		1.03		0.28
14.07.1959	14.8		16.67	7.61	0.87	0.92	0.59	0.47	1.52	1.44		0.28		0.59
12.08.1959	15.43		15.53	11.79	0.23	0.16	0.22	0.18	0.22	0.18		0.22		0.11
10.09.1959	19.5		19.6	10.6	0.06	0.28	0.12	0.17	0.17	0.18		0.12		0
20.10.1959	7.29		7.32	7.47	7.18	0.17	0.17	0.11	0	0		0		0
18.11.1959	5.97		5.78	5.65	5.7	5.66	2.84	0.12	0.12	0		0		0
15.12.1959	4.73		4.66	4.59	4.66	4.74	4.58	4.42	4.57	0.19		0		0
19.01.1960	6.7		6.35	5.99	5.98	5.97	5.94	5.92	4.99	4.05		0.88		0
10.02.1960	7.79		7.74	7.69	7.68	7.68	7.34	7	5.36	3.72		1.57		0.78
08.03.1960	8.03		7.93	7.82	7.83	7.85	7.76	7.66	7.69	7.72		7.26		6.26
07.04.1960	15.64		15.17	10.71	8.82	7.77	7.74	7.47	7.56	7.32		5.99		4.47
05.05.1960	10.55		10.66	8.36	5.31	4.3	3.77	3.65	2.78	2.68		1.13		0.35
01.06.1960	10.16		9.85	6.3	3.25	2.03	1.4	0.28	0.11	0.11		0.06		0.06
04.07.1960	12.47		12.02	5.49	0.29	0.23	0.4	0.29	0.29	0.29		0.23		0
03.08.1960	18		16.99	8.64	0.28	0.16	0.24	0.11	0.18	0.17		0.17		0
14.09.1960	27.37		14.46	6.76	1.59	0.23	0.17	0.11	0.17	0.12		0		0
18.10.1960	8.61		7.91	7.78	7.64	6.61	0	0	0	0		0		0
22.11.1960	6.62		6.58	6.54	6.54	6.53	6.47	0	0	0		0		0
20.12.1960	4.44		4.3	4.15	4.22	4.28	4.19	4.1	4.16	4.22		4.19		4.76
24.01.1961	5.97		5.82	5.67	5.4	5.14	5.06	4.98	4.56	4.14		3.83		4.12
24.02.1961	7.75		7.62	7.49	7.51	7.54	7.57	7.6	7.49	7.37		7.23		6.77
24.03.1961	11.75		11.19	10.63	10	9.38	9.1	8.81	8.19	7.56		6.01		4.92
26.04.1961	11.89		11.54	9.91	5.38	5.4	5.01	4.8	3.97	3.04		2.51		1.28
14.06.1961	10.47		10.36	10.09	3.5	1.28	0.26	0.39	0.43	0.17		0.29		0.34
11.07.1961	18.51		12.72	0.34	0.34	0.34	0.31	0.33	0.55	0.35		0.17		0.22
15.08.1961	12.69		12.44	9.14	0.31	0.28	0.25	0.27	0.2	0.2		0.31		0.34
21.09.1961	27.13		14.05	4.45	0.79	1.72	1.58	0.41	0.5	0.74		0.41		0
24.10.1961	7.14		6.34	6.79	6.77	4.1	0.11	0.17	0.03	0		0		0
29.11.1961	4.35		3.92	3.83	3.76	3.83	3.74	3.47	0	0		0		0
27.12.1961	2.54		2.53	2.53	2.86	3.19	2.91	2.62	2.84	3.06		3.13		3.43
17.01.1962	5.6		5.5	5.39	5.41	5.43	5.45	5.48	5.45	5.43		5.37		4.93
16.02.1962	9.4		9.26	9.11	9.05	8.99	8.97	8.96	8.86	8.77		8.98		8.67
07.03.1962	11.13		11.05	10.97	10.8	10.62	10.53	10.45	10.41	10.37		10.61		10.3
17.04.1962	15.03		13.71	13.32	12.6	11.8	11.79	11.79	11.77	11.75		11.62		11.32
24.05.1962	15.33		13.96	12.87	9.25	8.04	7.81	7.57	7.68	7.78		6.82		6.48
20.06.1962	24.03		21.35	10.53	4.51	2.68	1.97	1.86	2.08	1.75		0.89		0.15
25.07.1962	19.26		18.63	1.7	0.29	0.18	0.14	0.24	0.17	0.14		0.17		0.18
29.08.1962	24.69		14.11	5.99	0.31	0.26	0.2	0.23	0.29	0.23		0.23		0
25.09.1962	16.47		13.17	12.03	4.67	0.18	0.25	0.21	0.25	0.29		0.26		0
24.10.1962	11.57		10.99	10.54	10.13	0.26	0.23	0.17	0.3	0.21		0.15		0
26.11.1962	6.16		6.39	6.61	6.36	6.11	6.01	0.71	0.41	0.5		0.11		0
14.12.1962	4.4		4.44	4.48	4.48	4.48	3.79	3.07	0.85	0.26		0.09		0
23.01.1963	7.91		6.58	6.57	6.09	5.6	5.07	4.54	4.54	4.54		3.84		1.64
12.02.1963	7.95		5.31	4.52	4.16	3.79	3.17	2.54	2.51	2.48		1.08		0.66
09.04.1963	6.67		6.36	4.85	4.82	4	3.99	3.45	2.74	1.64		0.28		0.14
07.05.1963	45.39		12.26	6.4	3.84	2.1	1.8	1.53	1.09	0.2		0.32		0.06
11.06.1963	9.61		9.06	2.5	0.23	0.22	0.17	0.14	0.29	0.17		0.14		0.12
05.07.1963	21.05		12.21	8.16	0.56	0.29	0.3	0.34	0.14	0.21		0.2		0.23
07.08.1963	16.42		16.87	0.83	0.17	0.2	0.18	0.12	0.09	0.15		0.12		0.12
03.09.1963	20.76		11.98	9.42	1.38	0.12	0.12	0.12	0.12	0.12		0.12		0
16.10.1963	8.55		7.88	7.46	7.34	0.18	0.2	0.2	0.2	0.24		0.17		0
14.11.1963	7.28		6.54	6.55	6.53	5.15	0.2	0.18	0.15	0.16		0.03		0
05.12.1963	4.69		4.66	4.64	4.59	4.54	4.5	4.46	0.15	0.15		0		0
15.01.1964	3.97		3.73	3.48	3.1	2.72	1.41	0.41	0.22	0.2		0.17		0.17
07.02.1964	8.81		8.53	7.26	7.09	2.31	1.3	0.17	0.14	0.15		0.17		0.14
25.03.1964	5.32		4.71	4.55	4.81	4.35	4.12	3.88	4.28	4.68		0.6		0.36
24.04.1964	13.73		13.1	13.08	9.84	6.25	5.7	4.84	4.06	3.54		3.2		2.33
21.05.1964	12.93		12.52	7.26	2.08	1.23	1.03	0.53	0.36	0.2		0.18		0.14
19.06.1964	20.44		19.81	6.06	0.22	0.28	0.21	0.21	0.22	0.14		0.12		0.06
16.07.1964	20.86		14.96	1.29	0.26	0.27	0.26	0.28	0.3	0.26		0.26		0.32
27.08.1964	19.26		13.99	5.33	0.14	0.55	0.14	0.12	0.14	0.14		0.15		0
16.09.1964	20.28		12.47	1.14	0.12	0.11	0.09	0.11	0.09	0.11		0.06		0
28.10.1964	6.58		6.64	6.34	6.42	6.1	0.36	0.36	0.21	0.21		0.11		0
24.11.1964	5.16		5.26	4.93	4.87	4.53	3.4	0.81	0.17	0.03		0		0
28.12.1964	2.71		2.61	2.5	2.4	2.29	2.3	2.31	2.19	2.06		2.01		2.26
20.01.1965	2.71		2.6	2.5	2.4	2.29	2.3	2.31	2.18	2.06		2.01		1.58
17.02.1965	5.53		5.55	5.57	5.52	5.47	5.42	5.37	5.33	5.3		2.29		0.71
25.03.1965	5.33		5.3	5.27	5.08	4.88	4.85	4.82	4.74	4.66		4.16		0.15
22.04.1965	11.58		11.16	10.93	10.4	10.03	9.27	6.79	6.49	6.01		3.74		2.53
21.05.1965	12.86		13.13	10.58	7.79	6.98	5.4	4.81	4.16	3.78		2.49		0.78
30.06.1965	30.73		12.8	5.87	3.67	2.4	1.05	0.75	0.44	0.33		0.31		0.2
29.07.1965	14.8		13.64	7.29	0.14	0.15	0.12	0.12	0.11	0.12		0.12		0.11
30.08.1965	12.35		9.36	6.12	0.71	0.34	0.19	0.2	0.18	0.22		0.23		0.15
23.09.1965	17.43		17.28	11.65	5.18	0.2	0.2	0.14	0.17	0.2		0.14		0.2
15.10.1965	9.81		10.06	9.12	8.24	0.18	0.18	0.14	0.16	0.23		0.18		0
30.11.1965	3.81		3.72	3.63	3.54	3.44	3.45	3.5	3.54	3.58		3.82		3.7
22.12.1965	5		4.9	4.81	4.81	4.81	4.78	4.75	4.79	4.82		4.85		4.62
15.02.1966	7.59		7.6	7.62	7.57	7.52	7.56	7.6	7.59	7.59		7.84		3.48
23.03.1966	10.31		10.15	9.99	9.49	8.98	8.78	8.58	8.66	8.73		8.85		4.96
13.04.1966	16.67		13.78	12.26	9.95	9.17	8.98	8.74	8.89	9.03		8.38		7.5
11.05.1966	14.17		12.3	10.75	7.92	6.34	6.22	6.27	6.46	6.65		5.06		4.46
30.06.1966	18.48		12.07	9.98	3.81	1.21	1.46	1.03	1.21	1.26		0.64		0.17
27.07.1966	19.57		14.08	3.09	0.24	0.27	0.34	0.59	0.2	0.23		0.23		0.17
29.08.1966	16.38		13.28	12.23	0.96	0.3	0.3	0.38	0.23	0.2		0.15		0.23
21.09.1966	19.42		10.59	7.87	6.29	0.17	0.17	0.17	0.09	0.22		0.2		0.15
12.10.1966	13.84		13.46	11.04	0.37	0.17	0.2	0.2	0.23	0.14		0.14		0.15
08.11.1966	5.18		5.07	4.97	5.01	5.05	0.38	0.35	0.29	0.23		0.23		0
07.12.1966	3.43		3.41	3.38	3.38	3.38	3.53	3.67	3.74	3.8		2.78		0.15
26.01.1967	7.13		7.26	7.39	7.27	7.15	6.5	5.84	5.28	4.71		5.16		4.15
28.02.1967	7.04		7.02	7	6.95	6.93	6.91	6.9	6.96	7.04		7		6.95
21.03.1967	10.03		9.53	9.04	9.04	9.03	8.97	8.9	8.9	8.9		8.9		8.76
11.04.1967	10.45		10.38	10.32	10.1	9.88	9.73	9.57	9.04	8.5		8.29		7.57
12.05.1967	11.39		13.08	9.7	7.25	6.14	5.22	4.54	4.8	4.32		3		0.58
22.06.1967	12.34		12.09	8.19	5.45	2.05	1.33	0.54	0.32	0.14		0.19		0.21
25.07.1967	15.42		14.64	0.91	0.15	0.15	0.15	0.15	0.15	0.15		0.15		0.07
22.08.1967	17.88		17.21	5.01	0.18	0.12	0.12	0.12	0.15	0.15		0.14		0.14
20.09.1967	12.67		12.66	9.8	2.5	0.3	0.39	0.33	0.31	0.29		0.3		0.2
25.10.1967	7		6.63	6.27	5	0	0	0	0	0		0		0
29.11.1967	4.5		4.35	4.21	4.32	4.43	4.32	4.31	4.66	2.13		0.55		0.27
27.12.1967	3.71		3.69	3.68	3.61	3.53	3.55	3.58	3.62	3.66		3.44		3.55
30.01.1968	9.4		8.92	8.44	8.35	8.25	8.21	8.16	8.31	8.46		8.14		8.29
13.03.1968	10.09		10.04	10	10	10	10.07	10.14	10.09	10.04		10.33		10.27
16.04.1968	37.26		15.41	13.24	12.45	12.42	11.75	11.08	10.27	9.45		8.09		7.25
14.05.1968	19.69		12.29	9.74	7.89	6.56	5.25	5.26	4.66	3.86		2.96		0.75
19.06.1968	14.24		13.53	7.97	1.63	1.84	2.08	0.99	0.51	0.3		0.35		0.17
09.07.1968	18.33		20.88	6.45	0.29	0.3	0.24	0.24	0.18	0.2		0.18		0.18
13.08.1968	16.53		15.29	12.71	2.82	0.27	0.25	0.24	0.29	0.17		0.18		0.17
11.09.1968	13.7		10.2	7.53	1.4	0.17	0.17	0.17	0.17	0.23		0.25		0.06
08.10.1968	11.17		10.62	9.12	8.24	0.24	0.11	0.15	0.14	0.22		0.16		0
06.11.1968	7.38		7.55	7.32	7.29	7.31	0.23	0.21	0.17	0.17		0.15		0.08
18.12.1968	1.32		1.27	1.3	1.35	1.13	1.34	1.03	1.91	1.62		2.6		0
20.01.1969	4.34		4.36	4.38	4.29	4.2	3.59	2.98	2.07	1.16		0.78		0.83
28.02.1969	8.14		7.9	7.65	7.62	7.58	7.68	7.77	6.33	4.89		3.83		3.52
25.03.1969	9.81		9.65	9.48	9.36	9.24	9.38	9.52	9.32	9.12		9.15		3.04
22.04.1969	10.77		10.4	10.03	9.79	9.54	9.43	9.31	9.19	9.07		8.88		8.82
27.05.1969	12.57		12.63	10.95	8.17	6.52	4.76	4.99	4.43	4.48		4.01		1.45
25.06.1969	18.84		18.79	9.78	3.34	2.35	2.43	2.1	1.69	1.39		0.21		0.28
15.07.1969	21.42		18.96	9.22	0.26	0.26	0.38	0.17	0.15	0.22		0.17		0.09
19.08.1969	12.76		11.12	3.82	0.67	1.36	0.65	0.99	0.56	0.75		0.94		0.53
09.09.1969	23.59		15.01	7.67	2.42	0.17	0.17	0.31	0.3	0.39		0.29		0.29
21.10.1969	9.48		9.31	9.24	2.71	0.37	0.35	0.37	0.34	0.22		0.22		0
17.12.1969	2.41		2.44	2.46	2.49	2.5	2.46	2.47	2.44	2.48		2.46		2.47
11.03.1970	9.94		10.05	10.15	10.06	9.96	9.36	8.75	8.6	8.44		7.83		8.49
24.04.1970	15.6		14.93	12.16	9.99	9.61	9.68	9.76	9.73	9.7		9.5		8.72
21.05.1970	10.45		10.02	9.11	7.75	6.74	6.11	5.63	5.19	5.37		4.73		4.17
10.06.1970	17.3		11.1	9.55	5.49	3.47	2.83	2.32	2.05	2.09		1.59		0.22
07.07.1970	13.2		12.51	8.05	1.04	1.26	0.78	1.07	0.39	0.58		0.2		0.11
05.08.1970	25.01		14.99	2.67	0.23	0.24	0.25	0.2	0.18	0.11		0.12		0.12
09.09.1970	24.11		16.17	8.06	0.75	0.46	0.46	0.61	0.26	0.6		0.18		0.3
13.10.1970	18.08		8.93	8.17	6.98	1.05	0.14	0.12	0.19	0.15		0.09		0.12
10.11.1970	7.3		7.26	7.32	7.08	6.9	6.9	0.22	0.11	0.11		0.12		0
29.12.1970	3		3	3.01	2.94	2.88	2.92	2.96	2.96	2.97		2.97		2.81
14.04.1971	15.97		15.89	8.44	4.97	3.56	2.86	1.3	0.57	0.28		0.22		0.17
12.05.1971	27.49		12.01	5.47	3.06	2.07	1.67	0.83	0.5	0.17		0.29		0.18
09.06.1971	13.98		13.55	6.58	2.59	0.48	0.31	0.21	1.07	0.41		0.37		0.22
06.07.1971	25.7		26.22	8.9	6.96	0.73	1	0.32	0.8	0.72		0.68		0.27
10.08.1971	16.93		17.45	2.62	0.19	0.19	0.2	0.2	0.15	0.14		0.14		0
15.09.1971	14.33		13.71	12.77	0.23	0.22	0.15	0.15	0.17	0.12		0.12		0
19.10.1971	12.04		9.25	8.86	8.89	0.22	0.28	0.32	0.3	0.22		0		0
30.11.1971	2.89		2.72	2.75	2.76	2.83	2.84	0.45	0.22	0.2		0		0
29.12.1971	3.22		3.21	3.01	2.99	3.02	3.03	3.14	2.11	0.21		0.18		0
18.01.1972	4.33		4.2	4.16	4.03	3.98	3.71	3.52	3.53	3.11		0		0
22.02.1972	7.1		6.93	6.76	6.35	5.93	5.85	5.77	5.68	0.24		0		0
16.03.1972	12.9		9.18	6.94	6.47	6.12	6.37	6.06	5.77	0.12		0		0
10.04.1972	12.5		12.17	8.29	4.48	3.44	1.64	0.89	0.29	0.25		0.2		0.2
16.05.1972	11.42		11.3	11.29	5.19	2.33	0.11	0.17	0.15	0.16		0.16		0
13.06.1972	11.35		11.27	6.81	0.19	0.44	0	0	0	0		0		0
11.07.1972	17.4		17.06	3.51	0.27	0.37	0.22	0.46	0.09	0.07		0		0
15.08.1972	16.13		15.58	1.12	0.2	0.14	0	0	0	0		0		0
26.09.1972	12.3		12.06	11.56	10.95	0	0	0	0	0		0		0
17.10.1972	10.28		9.42	9.01	8.89	0	0	0	0	0		0		0
27.11.1972	0.66		0.65	0.64	0.52	0.47	0.42	0.32	0.2	0.44		0		0
20.12.1972	0.14		0.12	0.08	0.09	0.14	0.24	0.31	0.33	0.54		0.61		0.83
24.01.1973	3.44		2.68	2.52	2.52	2.6	2.22	1.81	0.78	0.48		0.25		0.25
21.03.1973	6.86		7.21	7.09	7	7.05	7.04	7.1	7.07	7.04		5.86		3.66
24.04.1973	9.38		9.85	8.66	7.7	7.53	7.31	7.23	7.18	7.04		6.68		5.97
22.05.1973	20.56		16.92	11.45	6.52	3.87	2.76	2.26	1.62	1.5		0.78		0.17
26.06.1973	20.11		14.19	3.5	0.14	0.14	0.06	0.06	0.12	0.16		0.14		0.13
24.07.1973	15.09		12.46	3.71	0.16	0.12	0.11	0.11	0.1	0.12		0.19		0.13
22.08.1973	17.96		17.7	0.17	0.08	0.08	0.07	0.06	0.06	0.07		0.11		0
26.09.1973	11.44		11.31	10.89	0.39	0.29	0.27	0.26	0.19	0.19		0.19		0
23.10.1973	8.06		7.98	7.93	7.91	7.33	0.19	0.23	0.17	0.23		0.19		0
20.11.1973	5.27		5.05	4.9	4.89	5.06	4.58	4.58	3.6	1.25		0.15		0
11.12.1973	3.22		3.03	3.04	2.86	2.82	2.79	2.88	2.81	2.81		2.73		0.16
09.01.1974	5.66		5.57	5.52	5.5	5.24	5.26	5.01	4.2	4.03		2.87		0.33
11.02.1974	5.34		5.24	5.1	5.02	5.1	4.95	5.24	5.39	5.38		5.38		5.57
05.03.1974	4.25		4.23	4.13	4.01	4.11	4.17	4.04	4.27	4.42		2.71		1.24
02.04.1974	27.07		14.55	6.45	5.25	5.18	4.88	4.86	4.52	3.97		3.83		1.06
14.05.1974	14.22		14.51	14.3	7.48	4.2	1.2	0.77	0.91	0.7		0.21		0.32
05.06.1974	9.43		8.74	5.03	0.67	0.46	0.42	0.44	0.27	0.43		0.25		0.32
09.07.1974	22.78		21.73	4.37	0	0	0	0	0	0		0		0
06.08.1974	16.25		15.01	2.98	0.35	0.33	0.15	0.18	0.18	0.23		0.16		0.26
03.09.1974	11.99		11.89	10.21	0.13	0.14	0.12	0.23	0.13	0.17		0.12		0.13
08.10.1974	6.88		6.88	6.88	6.86	4.41	0.11	0.29	0.14	0.15		0.24		0
06.11.1974	5.03		4.82	4.75	4.76	4.77	4.66	2.3	0.17	0.16		0.16		0
03.12.1974	3.44		3.29	3.28	3.28	3.2	3.15	3.25	3.16	3.25		2.99		0.16
14.01.1975	6.37		6.09	5.81	5.83	5.85	5.82	5.79	5.79	5.79		5.76		5.64
06.02.1975	5.11		4.98	4.84	4.79	4.74	5.21	5.68	5.47	5.26		5.15		5.33
12.03.1975	10.26		10.1	9.13	7.82	7.32	6.15	4.98	4.88	4.43		4.34		3.4
08.04.1975	11.13		10.97	10.81	10.69	10.57	10.22	9.97	10.39	10.81		8.34		7.99
12.05.1975	12.44		12.32	12.27	7.53	7.22	6.23	6.18	5.25	4.57		3.26		0.16
10.06.1975	23.44		18.25	7.09	2.36	2.59	2.4	1.62	1.28	1.54		0.98		0.16
02.07.1975	11.62		10.15	5.05	0.18	0.19	0.21	1.59	0.97	0.34		0.24		0.13
06.08.1975	19.53		24.69	2.15	0.28	0.23	0.2	2.7	0.23	0.2		0.2		0.21
03.09.1975	18.1		10.06	6.5	2.43	0.15	0.21	0.28	0.29	0.28		0.28		0.19
20.10.1975	7.36		7.18	7.41	7.19	1.11	0.23	0.42	0.29	0.49		0		0
11.11.1975	7.25		6.37	6.72	6.67	6.44	0.82	0.8	0.73	0.87		1.05		0
10.12.1975	4.09		3.97	3.9	3.91	3.89	3.82	4.68	0.32	0.6		0.87		0
05.01.1976	3.53	3.21	3.52	3.4		3.67		3.53		4		3.42		3.49
01.03.1976	7.03	6.72	6.69	6.53		6.58		6.35		4.56		5.49		1.95
29.03.1976	14.31	14.3	12.06	11.29		11.5		10.56		9.4	9.37	8.81	2.5	0.45
26.04.1976	14.18	14.2	13.87	12.5		9.17		7.38		5.84	4.6	2.55	0.93	0.72
24.05.1976	10.36	10.61	10.44	9.71		4.21		1.46		1.03	0.19	0.03	0.21	0.15
21.06.1976	14.89	15.15	13.5	6.34		0.24		0.26		0.25	0.28	0.24	0.21	0.35
13.09.1976	12.18	12.2	11.6	10.54		0.06		0.06		0.06	0.06	0.06	0	0
11.10.1976	14.45	14.5	14.46	9.98		0.15		0.21		0	0	0	0	0
08.11.1976	6.07	6.65	6.7	6.62		5.36		0.08		0	0	0	0	0
06.12.1976	5.04	4.99	5.01	4.9		5		4.86		0.09	0.17	0	0	0
03.01.1977	5.1	5.1	5.1	4.85		4.83		4.8		2.64	0.91	0.26	0.06	0.09
31.01.1977	6.96	7.03	7.17	6.84		6.76		3.7		0.29	0.5	0.23	0.4	0.3
28.02.1977	8.03	7.7	7.59	7.64		7.51		7.19		6.71	3.74	3	1.8	1.08
28.03.1977	16.56	15.81	15.24	10.66		8.88		6.86		5.22	4.05	2.08	0.86	0.69
25.04.1977	13.09	0	12.6	10.78		10.81		8.68		8.18	7.81	5.37	3.79	2.22
23.05.1977	18.44	18.22	18.11	14.26		4.84		3		2.07	1.1	0.6	0.33	0.3
20.06.1977	13.22	13.07	11.52	7.36		0.09		0.18		0.56	0.28	0.35	0.24	0.27
18.07.1977	12.89	12.38	11.61	0.74		0.18		0.18		0.29	0.17	0.09	0.15	0.15
15.08.1977	15.7	15.46	15.33	2.85		0.12		0.09		0.09	0.09	0.06	0	0
12.09.1977	15.97	15.78	13.86	7.01		0.2		0.24		0.38	0.45	0.23	0.09	0
10.10.1977	9.36	9.31	8.39	9.52		1.55		0.18		0.26	0.14	0	0	0
07.11.1977	8.26	8.08	7.74	7.65		7.65		0.06		0.06	0.03	0	0	0
05.12.1977	2.22	2.13	2.22	2.11		2.14		1.88		2.14	1.73	1.01	0.37	0
03.01.1978	3.97	3.97	3.9	3.99		4.44		3.76		3.87	3.92	3.87	3.88	3.99
30.01.1978	5.17	5.15	5.12	5.12		5.14		5.15		5.09	5.14	5.39	5.36	5.53
13.03.1978	9.82	9.75	9.79	9.48		9.4		9.41		8.7	7.46	7.33	5.94	4.15
28.03.1978	11.86	11.57	11.36	11.19	11.35	11.22	11.11	11.41	11.49	11.27	11.53	11.29	11.45	11
10.04.1978	14.91	15.23	12.79	11.04	10.61	10.11	9.79	9.84	9.59	9.58	9.39	9.27	9.14	8.56
08.05.1978	15.47	15.29	15.11	11.86	10.25	8.86	8.37	7.97	7.65	7.26	7.07	6.35	5.63	4.82
05.06.1978	15.76	16.26	14.33	8.59	5.86	4.19	4.39	4.72	4.3	4.02	3.58	2.95	0.98	0.74
03.07.1978	16.61	16.26	13.51	8.71	0.61	0.8	0.57	1.59	1.23	0.96	0.62	0.4	0.4	0.33
02.08.1978	18.99	19.02	18.82	1.2	0.06	0	0	0	0	0	0	0	0	0
28.08.1978	13.46	13.46	13.35	12.32	0.11	0	0	0	0	0	0	0	0	0
25.09.1978	13.25	13.19	13.09	10.69	2.24	0.15	0.11	0	0	0	0	0	0	0
23.10.1978	7.77	7.98	7.45	7.52	7.78	3.18	0	0	0	0	0	0	0	0
20.11.1978	6.12	5.96	5.97	5.93	6.1	5.92	0.36	0	0	0	0	0	0	0
18.12.1978	4.31	4.25	4.24	4.1	4.26	4.25	4.04	4.09	3.98	4.33	3.79	3.41	1.18	0.53
13.03.1979	7.12	7.06	6.99	7	6.9	6.98	6.9	6.88	6.88	6.89	6.91	6.85	6.65	3.85
10.04.1979	11.55	11.71	11.56	10.87	10.78	10.13	9.86	9.56	9.14	8.97	8.08	6.65	6.35	6.25
07.05.1979	9.92	9.98	9.93	9.87	9.7	8.85	7.44	6.83	6.66	6.07	4.73	3.76	2.28	2.04
05.06.1979	16.12	16.28	12.93	9.12	5.07	4.33	3.27	2.92	2.77	2.39	0.87	0.75	0.44	0.3
02.07.1979	14.7	14.76	15.02	4.97	4.15	1.32	0.8	0.31	0.65	0.26	0.28	0.26	0.26	0.27
30.07.1979	19.63	19.73	17.17	6.66	0.17	0.18	0	0	0	0	0	0	0	0
27.08.1979	9.2	9.37	9.79	8.9	0.28	0	0	0	0	0	0	0	0	0
24.09.1979	8.57	8.61	8.5	8.61	4.32	0.3	0.14	0.14	0.14	0.15	0.14	0.09	0	0
22.10.1979	9.63	9.23	9.76	9.61	9.64	0.69	0.23	0.2	0.2	0.21	0.12	0.15	0.15	0.03
19.11.1979	9.69	7.04	6.98	6.99	6.98	6.88	6.89	0.42	0.34	0.32	0.38	0.47	0.26	0.26
17.12.1979	4.13	4.02	4.01	4.07	3.95	3.97	3.98	3.86	3.94	3.97	3.88	3.94	3.79	3.4
04.02.1980	6.47	6.43	6.47	6.41	6.45	6.46	6.35	6.43	6.38	6.41	6.3	6.05	5.71	3.85
10.03.1980	9.32	9.28	9.26	9.18	9.1	9.04	9.03	9	8.95	8.99	8.87	8.41	6.65	5.77
08.04.1980	10.57	10.59	10.53	10.57	10.49	10.37	10.33	10.18	10.17	10.24	10.15	10.24	10.22	10.21
05.05.1980	16.37	16.42	16.37	15.03	11.64	10.58	9.13	8.86	8.47	8.06	7.46	7.25	6.72	5.99
27.05.1980	21.79	21.44	19.75	11.41	7.32	6.53	6.81	5.93	5.1	4.97	4.14	3.97	1.35	0.21
30.06.1980	12.08	12.17	11.65	10.66	2.69	1.8	1.86	1.79	1.56	1.09	0.92	0.26	0.15	0.12
28.07.1980	20.25	20.44	16.74	7.44	2.13	0.19	0.23	0.22	0.23	0.24	0.3	0.29	0.21	0.21
25.08.1980	11.92	13.67	11.68	11.08	1.6	0	0	0	0	0	0	0	0	0
22.09.1980	16.37	16.28	15.17	8.67	1.57	0.26	0.26	0.25	0.26	0.26	0.27	0.26	0.06	0.06
20.10.1980	7.78	7.84	7.75	7.74	7.79	0.92	0.31	0.22	0.25	0.23	0.23	0.23	0.23	0.35
10.11.1980	6.45	6.47	6.42	6.42	6.45	6.38	6.44	0.28	0.34	0.2	0.26	0.35	0.38	0.38
15.12.1980	4.21	4.24	4.15	4.1	4.07	4.02	4.03	4.03	4	4.15	4.47	4.71	5.26	5.02
12.01.1981	7.15	7.1	7.18	7.05	6.76	6.56	6.64	6.46	6.21	6.18	5.98	6.12	6.22	6.63
06.04.1981	15.13	14.56	11.16	12.05	9.14	8.78	8.15	8.02	7.31	7.03	5.68	3.8	3.38	1.73
05.05.1981	12.46	12.84	12.28	12.08	10.91	6.19	5.75	4.92	4.36	4.24	3.67	2.87	1.41	0.29
02.06.1981	16.58	18.08	20.37	10	4.15	2.22	1.72	1.29	1.39	0.85	0.41	0.12	0.09	0.09
29.06.1981	13.21	13.17	13.22	13.04	0.2	0.19	0.2	0.14	0.11	0.15	0.15	0.12	0.06	0.06
04.08.1981	17.98	18.6	16.47	5.68	0.53	0.19	0.19	0.19	0.27	0.17	0.17	0.17	0.17	0.25
21.09.1981	11.98	11.98	11.66	5.51	0.08	0	0	0	0	0	0	0	0	0
20.10.1981	8.28	8.28	8.26	8.21	8.07	1.87	0	0	0	0	0	0	0	0
16.11.1981	6.99	6.99	6.99	7.05	6.98	6.89	7.04	2.39	0.19	0.14	0.11	0.11	0.11	0.11
14.12.1981	5.63	5.6	5.69	5.46	5.44	5.4	5.34	5.36	5.32	5.35	5.47	5.52	6.11	5.86
15.03.1982	10.74	10.65	10.61	10.5	10.47	10.47	10.42	10.44	10.43	10.4	10.42	10.43	10.44	10.39
13.04.1982	11.87	12.09	12.08	11.88	11.95	11.74	11.52	9.47	9.12	8.99	8.98	8.72	8.22	7.44
07.06.1982	11.21	11.4	11.39	10.53	5.16	2.62	2.34	2.36	1.91	0.52	0.36	0.11	0	0
05.07.1982	17.45	17.13	17.21	6.59	1.17	0.33	0	0	0	0	0	0	0	0
10.08.1982	15.8	15.84	13.79	5.92	0	0	0	0	0	0	0	0	0	0
30.08.1982	10.58	10.54	10.69	10.22	0.25	0	0	0	0	0	0	0	0	0
04.10.1982	8.75	8.72	8.79	8.71	0.22	0	0	0	0	0	0	0	0	0
25.10.1982	8.44	8.49	8.61	8.58	8.61	0.36	0	0	0	0	0	0	0	0
22.11.1982	5.37	5.09	5.07	5.11	5.1	5.08	5.04	0.36	0	0	0	0	0	0
13.12.1982	4.22	4.21	4.22	4.21	4.32	4.26	4.25	4.3	4.36	4.26	3.78	1.41	0	0
17.01.1983	6.62	6.59	6.63	6.58	6.58	6.52	6.49	6.5	6.52	6.5	6.46	6.45	6.44	6.47
18.04.1983	13.24	13.34	12.95	10.91	10.19	9.87	9.55	10.17	10.13	9.38	8.52	8.65	8.07	6.74
24.05.1983	10.7	10.51	10.55	10.61	7.01	6.07	5.7	5.29	4.87	4.51	3.66	3.11	1.74	1.38
20.06.1983	11.09	10.18	10.86	10.66	3.35	2.62	2.61	2.44	2.02	1.99	1.85	1.24	0.67	0.19
11.07.1983	13.25	13.25	14.31	4.35	0.97	1.12	1.15	0.58	0.79	0.38	0.22	0.1	0	0
29.08.1983	13.71	13.63	13.56	1.96	0.25	0	0	0	0	0	0	0	0	0
26.09.1983	9.64	9.33	9.23	9.4	7.09	0.28	0.2	0	0	0	0	0	0	0
24.10.1983	7.98	7.85	7.86	7.88	7.9	5.51	0.1	0.1	0	0	0	0	0	0
21.11.1983	6.03	5.96	5.91	5.9	5.86	5.81	5.8	4.06	0.16	0.19	0	0	0	0
12.12.1983	3.97	4.09	4.01	4.03	4.02	4.03	4.02	4	4.07	4.06	3.98	3.99	4.06	4
10.01.1984	4.33	5.07	5.13	5.23	5.13	5	5.05	4.99	4.99	5.04	4.99	4.98	4.99	5.02
06.02.1984	7.71	7.6	7.6	7.61	7.29	7.55	7.78	7.5	7.29	7.67	7.68	7.67	7.33	6.94
05.03.1984	10.82	10.54	10.42	10.53	10.64	10.5	10.51	10.3	10.32	9.1	8.62	8.47	8.4	8.36
02.04.1984	13.46	13.63	13.54	13.64	13.62	13.22	13.39	13.11	12.83	12.63	12.57	12.31	10.58	6.55
30.04.1984	16.41	16.31	16.41	16.15	13.03	12.03	11.6	11.08	10.7	10.18	9.87	9.58	8.54	6.49
12.06.1984	15.09	14.98	14.89	9.65	5.16	4.68	4.62	4.94	4.48	4.11	3.56	2.65	0.22	0.22
02.07.1984	11.29	11.26	11.33	7.25	2.69	2.29	3.03	2.5	3.19	1.93	1.33	1.19	0.5	0.14
13.08.1984	10.78	11	12.48	6.91	2.78	0.24	0	0	0	0	0	0	0	0
10.09.1984	8.48	8.53	8.54	8.43	0.16	0.14	0	0	0	0	0	0	0	0
01.10.1984	11.29	10.93	10.5	7.22	7.03	1.35	0.17	0.11	0.11	0	0	0	0	0
05.11.1984	6.83	6.76	6.83	6.78	6.78	6.8	0.11	0.1	0	0	0	0	0	0
03.12.1984	5.55	5.13	5.17	5.21	5.52	5.46	5.41	2	0.49	0	0	0	0	0
11.03.1985	8.51	8.47	8.5	8.44	8.5	8.33	8.23	7.9	7.73	6.83	2.16	1.36	1.78	1.42
09.04.1985	11.59	11.49	11.41	10.92	10.4	9.8	9.29	8.92	8.38	7.71	6.35	3.73	3.24	2.84
06.05.1985	13.08	13.1	12.63	10.12	9.75	9.48	9.07	7.44	5.85	5.25	4.31	3.79	3.49	2.7
03.06.1985	11.64	11.57	11.32	6.66	4.34	4.58	3.91	2.96	2.54	2.41	1.75	0.8	0.33	0.16
01.07.1985	17.23	17.04	17.13	9.44	1.26	1.32	1.05	0.35	0.09	0.12	0.09	0.07	0.09	0.07
26.08.1985	10.67	10.66	10.66	7.13	0.38	0	0	0	0	0	0	0	0	0
23.09.1985	12.48	12.45	12.95	9.75	1.71	0.07	0	0	0	0	0	0	0	0
22.10.1985	8.25	8.32	8.19	8.29	8.18	0.8	0.09	0	0	0	0	0	0	0
18.11.1985	7.25	7.07	7.13	7.07	7.08	7.04	7.01	0.44	0.29	0	0	0	0	0
09.12.1985	4.05	4.27	4.27	4.36	4.26	4.26	4.32	4.2	4.09	1.06	0.15	0.1	0.11	0.11
13.01.1986	6.06	5.91	6.02	5.82	6.06	5.8	5.83	5.86	5.82	5.91	5.77	5.82	5.81	5.69
07.04.1986	10.47	10.5	10.46	10.42	10.49	10.42	10.45	10.35	10.37	10.37	10.27	10.33	10.24	10.24
05.05.1986	22.25	20.39	14.16	13.13	11.78	11.05	10.5	10.02	9.81	9.16	9.03	8.66	7.86	7.46
02.06.1986	9.73	9.74	8.85	5.97	4.09	5.79	6.91	6.23	6.55	5.47	4.78	4.52	3.77	1.13
30.06.1986	16.32	16.38	16.83	3.44	0.58	2.2	2.8	3.72	3.04	2.74	2.58	0.88	0.17	0.2
28.07.1986	18.48	18.39	18.84	3.55	0.16	0.11	0.1	0.1	0.1	0.1	0.1	0.1	0.1	0.1
25.08.1986	9.78	9.59	9.6	5.85	0.09	0.11	0.1	0.11	0.12	0.19	0.14	0.14	0.12	0.1
22.09.1986	8.99	8.99	8.91	8.95	0.53	0.09	0.05	0.1	0.14	0.06	0.08	0.05	0.2	0.11
20.10.1986	9.64	9.51	9.75	9.73	1.53	0.19	0.1	0.14	0.12	0.11	0.13	0.14	0.15	0
17.11.1986	9.34	9.52	9.46	9.4	9.21	9.01	0.34	0.17	0.48	0.39	0.25	0.33	0.17	0.28
15.12.1986	5.64	5.49	5.65	5.67	5.73	5.48	5.58	3.5	0.57	0.3	0.36	0.36	0.36	0.37
09.03.1987	9.09	9.19	9.32	9.13	9.08	8.95	9.13	9.12	9.15	9.13	8.47	6.76	6.55	7.61
13.04.1987	14.09	14.05	13.93	13.24	12.47	11.77	11.73	11.47	11.37	10.92	10.5	10.44	10.28	10
24.04.1987	18.33	19.26	16.25	14.89	12.6	10.94	10.19	10.39	10.27	10.26	10.22	10.26	9.56	7.71
04.05.1987	13.86	13.91	14.02	10.8	12	10.85	9.58	9.51	9.52	9.34	8.7	8.13	6.97	6.64
11.05.1987	12.63	12.6	12.52	11.85	9.5	8.68	8.29	8.3	7.83	7.74	7.67	7.29	6.72	6.01
25.05.1987	11.25	11.64	11.72	11.17	7.08	5.73	5.7	6.24	5.93	5.68	5.57	5.31	5.13	2.26
09.06.1987	10.9	10.87	10.81	8.59	6.5	3.99	3.99	3.91	3.75	3.99	3.71	3.65	3.58	0.87
06.07.1987	15.28	15.22	17.87	8.37	2.06	1.85	2.48	2.08	2.93	2.9	2.62	2.13	0.28	0.23
10.08.1987	13.85	14.11	13.94	7.26	0.08	0.14	0.08	0.17	0.11	0.08	0	0	0	0
07.09.1987	10.74	10.73	10.62	2	0.08	0	0	0	0	0	0	0	0	0
05.10.1987	8.53	8.49	8.41	8.52	6.21	0.2	0.14	0	0	0	0	0	0	0
02.11.1987	8.33	8.37	8.27	8.27	8.12	0.22	0.09	0	0	0	0	0	0	0
07.12.1987	6.52	6.56	6.55	6.55	6.52	6.51	6.5	6.51	0.31	0.08	0.17	0.17	0.14	0
04.01.1988	4.88	5	4.96	4.8	4.94	4.79	4.87	4.79	4.86	4.82	5.07	5.04	5.3	3.37
01.02.1988	5.48	5.38	5.4	5.4	5.32	5.5	5.39	5.4	5.41	5.16	5.4	5.42	5.28	5.16
29.02.1988	8.83	8.86	8.82	8.94	8.8	8.83	8.84	8.85	8.84	8.77	8.85	8.86	8.93	8.82
28.03.1988	11.12	10.85	10.95	11.02	10.83	10.8	10.83	10.93	10.97	10.9	10.83	10.84	10.88	10.93
27.04.1988	17.65	17.63	17.71	12.5	10.66	9.68	9.37	9.5	9.3	9.13	8.97	8.32	7.85	6.97
09.05.1988	11.08	11.03	12.34	10.53	8.79	8.25	8.15	7.96	7.91	7.58	7.58	7.33	6.31	4.55
25.05.1988	11.58	11.5	11.63	9.37	7.36	6.59	6.25	7.17	7.11	6.8	5.4	5.18	3.21	0.67
06.06.1988	11.87	11.96	11.92	10.43	5.34	5.44	5.56	4.54	4.78	4.56	4.56	4.58	3.16	0.3
20.06.1988	15.91	15.95	16.16	10.36	2.43	3.85	4.22	4.22	5.24	5.24	3.87	2.71	1.75	0.34
11.07.1988	14.13	15.29	13.33	7.89	0.84	1.05	1.58	2.35	1.86	2.25	2.18	2.17	0.56	0.2
15.08.1988	13.42	13.5	13.66	5.64	0.08	0.08	0.06	0.51	0.33	0.09	0.09	0.08	0.14	0.17
12.09.1988	15.39	15.55	16.74	8.66	0.11	0.11	0.12	0.08	0.11	0.11	0.11	0.08	0.34	0.22
03.10.1988	9.67	9.67	9.56	9.5	3.68	0.2	0.15	0.32	0.12	0.17	0.05	0.06	0.08	0.08
07.11.1988	7.54	7.58	7.58	7.54	7.57	7.57	1.54	0.11	0.17	0.12	0.18	0.13	0.14	0.08
05.12.1988	6.75	6.58	6.62	6.35	6.28	6.33	6.32	6.16	5.98	5.7	5.14	3.45	2.26	2.31
03.01.1989	6.03	6.01	6.02	6.02	6.01	6.01	5.99	6.04	5.92	5.94	6.04	6.01	5.84	5.68
30.01.1989	6.3	6.34	6.25	6.27	6.28	6.28	6.28	6.26	6.01	5.81	5.57	5.23	4.81	4.15
27.02.1989	8.25	8.24	8.3	8.21	8.15	7.93	8.06	7.98	7.73	7.74	7.63	7.91	7.62	7.56
28.03.1989	12.89	13.13	13.45	12.24	11.32	11.08	10.71	9.93	10.16	9.68	9.35	8.62	8.47	8.12
21.04.1989	10.96	10.97	10.86	10.8	9.67	8.61	8.8	7.5	7.15	7.31	6.67	5.9	5.81	5.76
22.05.1989	12.84	12.8	12.4	11.75	6.36	6.16	5.67	5.1	4.77	4.22	3.81	3.62	2.74	0.64
21.06.1989	12.61	12.76	13.37	13.86	4.08	2.87	2.87	3.1	1.66	1.05	0.82	0.83	0.19	0.14
17.07.1989	14.44	14.49	13.69	7.47	1.3	0.17	0.67	0.57	0.4	0.2	0.1	0	0	0
14.08.1989	10.38	10.47	10.47	10.53	0.28	0.13	0.1	0.08	0.29	0.08	0.08	0.08	0.08	0.08
12.09.1989	10.56	10.47	10.14	9.08	0.8	0	0	0	0	0	0	0	0	0
16.10.1989	9.76	9.76	9.68	9.76	9.63	0.22	0.14	0.22	0	0	0	0	0	0
06.11.1989	10.4	10.06	10.14	10.14	4.99	0.62	0.22	0.17	0.16	0.14	0.11	0.14	0.14	0.06
04.12.1989	4.55	4.37	4.33	4.26	4.36	4.36	4.21	4.6	4.37	0.32	0.21	0.28	0.29	0.09
08.01.1990	5.35	5.56	5.35	5.38	5.41	5.42	5.48	5.42	5.58	5.57	5.53	5.86	5.96	5.27
05.02.1990	7.16	7.12	7.07	7.07	7.09	7	6.97	6.97	7.17	7.08	7.01	6.96	7.05	6.95
05.03.1990	11.2	10.63	10.45	10.3	10.64	10.52	10.45	10.48	10.51	10.52	10.72	10.52	10.25	10.5
02.04.1990	16.93	16.71	15.82	13.85	12.43	10.93	9.66	9	8.72	8.7	8.66	8.2	7.9	7.26
30.04.1990	10.79	10.82	10.84	10.34	10.17	7.98	6.52	5.57	4.58	4.37	4.32	3.5	2.92	1.86
25.06.1990	14.81	14.9	15.19	11.54	3.47	1.96	1.3	0.45	0.41	0.42	0.14	0.17	0.11	0.08
18.07.1990	12.47	12.69	12.96	7.82	1.48	0.06	0.11	0.08	0.23	0.17	0.11	0.14	0.11	0.08
20.08.1990	9.51	9.6	9.73	9.51	0.59	0.14	0.29	0.17	0.14	0.2	0.15	0.11	0.17	0.14
18.09.1990	10.46	10.57	10.43	10.24	10.37	0.08	0.12	0.12	0.11	0.08	0.11	0.11	0.08	0
15.10.1990	9.32	9.42	9.08	8.65	8.45	0.17	0.14	0.12	0.11	0.11	0.11	0.06	0.06	0
12.11.1990	7.76	7.79	7.8	7.84	7.72	7.79	0.94	0.14	0.14	0.17	0.11	0.11	0.14	0
10.12.1990	4.82	4.81	4.85	4.79	4.75	4.86	4.8	4.64	4.79	4.54	3.81	0.46	0.22	0
07.01.1991	6.69	6.71	6.66	6.66	6.61	6.66	6.56	6.63	6.62	6.64	6.7	6.7	6.7	6.59
28.01.1991	6.8	6.94	6.83	6.85	6.95	6.63	6.97	6.65	6.5	6.94	6.67	6.67	5.5	5.54
04.03.1991	9.11	9.03	9.01	9.01	9	8.99	8.94	8.9	8.8	8.83	5.64	5.15	4.39	4.27
25.03.1991	12.95	13.06	13.18	13.5	12.18	12.22	11.28	9.54	9.4	8.97	8.42	7.77	7.02	5.81
29.04.1991	12.54	12.52	12.5	12.68	9.77	8.63	8.14	7.26	6.79	6.48	6.07	5.38	4.34	2.27
27.05.1991	14.52	14.76	14.91	15.94	6.14	5.03	4.83	4.43	3.95	3.15	2.7	1.48	1	0.95
24.06.1991	10.84	10.55	10.53	9.85	5.4	2.43	2.24	2.34	2.77	2.13	1.33	0.26	0.25	0.22
22.07.1991	11.82	11.84	11.91	10.42	0.61	0.2	0.42	0.19	0.28	0.25	0.11	0.08	0.14	0.2
19.08.1991	12.39	12.41	12.44	8.34	0.11	0.09	0.09	0.08	0.08	0.06	0.08	0.06	0.11	0.11
16.09.1991	9.02	9.01	9.06	8.99	0.57	0.23	0.2	0.09	0.11	0.11	0.11	0.09	0.06	0
14.10.1991	9.9	9.89	9.98	9.86	8.97	0.11	0.11	0.11	0.11	0.11	0.11	0.11	0.11	0
11.11.1991	8.99	9.02	9.01	9.02	8.96	8.59	0.55	0.17	0.2	0.12	0.14	0.17	0.17	0.06
09.12.1991	7.44	7.41	7.45	7.39	7.38	7.29	7.57	7.33	7.41	7.17	0.35	0.61	0.36	0.12
06.01.1992	7.85	7.79	7.72	7.69	7.76	7.78	7.74	7.73	7.69	7.77	7.64	7.74	7.21	7.31
24.02.1992	11.11	11.22	11.23	10.86	10.45	10.22	10.19	10.01	10.02	9.88	9.41	7.39	6.15	6.48
30.03.1992	13.2	13.06	12.93	11.99	11.84	11.77	11.67	11.71	11.78	11.67	11.71	11.7	11.58	11.55
24.04.1992	10.93	10.96	10.98	10.69	10.44	10.56	10.37	10.3	9.9	9.54	8.95	8.9	8.64	7.85
15.05.1992	11.18	11.24	11.78	11.25	10.72	8.27	8.14	7.51	7.06	6.75	6.45	5.79	5.11	4.21
25.05.1992	12.08	12.07	12.14	13.15	8.78	7.1	6.88	6.67	6.11	5.58	4.95	4.49	2.9	1.23
22.06.1992	11.7	11.74	11.73	11.89	8.61	3.92	3.21	3.62	3.14	2	1.75	0.9	0.28	0.32
20.07.1992	14.9	15.09	15.56	10.83	2.64	0.94	0.95	2.05	1.05	0.82	0.35	0.14	0.14	0.13
17.08.1992	12.22	12.29	12.22	9.59	0.14	0.11	0.11	0.11	0.11	0.12	0.11	0.08	0.08	0.15
14.09.1992	10.06	10.01	10.01	9.01	0.14	0.09	0.11	0.11	0.14	0.14	0.11	0.14	0.15	0.11
12.10.1992	7.71	7.69	7.67	7.67	7.6	0.39	0.08	0.08	0.08	0.08	0.06	0.06	0.06	0.03
09.11.1992	8.12	8.24	8.11	8.2	8.07	8.01	6.76	0.17	0.25	0.14	0.2	0.17	0.19	0
07.12.1992	6.97	7.02	7.01	7.04	6.97	7.12	7.1	7.03	7.21	5.08	0.28	0.28	0.28	0.28
01.02.1993	8.38	8.54	8.5	8.49	8.39	8.42	8.41	8.37	8.37	8.37	8.38	8.37	8.35	8.36
01.03.1993	11.24	11.23	11.22	11.22	11.16	11.13	11.19	11.14	11.21	11.22	11.19	11.18	11.19	11.19
29.03.1993	14.98	15.05	15.13	15.05	14.97	14.74	14.43	13.87	12.61	11.4	11.03	10.09	8.93	8.1
28.04.1993	17.91	18.01	18.3	17.65	13.28	9.95	9.85	9.35	8.31	7.53	7.37	6.95	5.83	4.58
24.05.1993	11.04	11.42	11.01	11.36	11.14	7.44	6.51	6.57	6.27	5.27	3.84	2.42	0.81	0.28
21.06.1993	12.57	12.66	14.52	10.21	5.56	3.96	3.03	2.63	2.9	1.86	1.49	0.22	0.17	0.19
19.07.1993	13.66	13.2	11.9	6.54	0.72	1.19	0.54	0.75	0.16	0.18	0.22	0.2	0.17	0.15
16.08.1993	11.77	11.83	12.2	0.35	0.13	0.1	0.11	0.1	0.13	0.13	0.08	0.06	0.13	0.1
13.09.1993	12.54	12.48	12.71	11.15	0.35	0.28	0.21	0.18	0.17	0.17	0.17	0.16	0.13	0.08
04.10.1993	8.73	8.67	8.69	8.69	4.18	0.14	0.1	0.11	0.1	0.11	0.1	0.1	0.12	0.03
15.11.1993	7.6	7.57	7.64	7.43	7.37	7.01	0.91	0.2	0.27	0.14	0.11	0.18	0.15	0.03
06.12.1993	5.05	5.07	4.94	4.94	5.12	5.04	5.02	5.15	5.07	5.55	5.48	2.12	0.39	0.3
03.01.1994	9.06	8.99	9	9.02	8.98	8.92	8.99	8.96	8.97	8.97	8.94	8.91	8.83	8.33
31.01.1994	9.25	9.24	8.71	9.19	9.28	9.19	9.19	9.13	9.23	9.17	9.16	9.12	9.15	9.13
28.02.1994	10.08	10.11	10.07	10.03	10.04	10.06	10.05	10.02	10.04	9.64	9.2	8.52	8.43	8.27
28.03.1994	13.22	13.2	13.17	12.38	12.25	12.02	11.75	11.66	11.57	11.51	11.03	10.91	10.79	10.48
25.04.1994	14.83	14.9	13.71	11.78	11.05	11.09	10.9	10.64	10.14	9.8	9.64	9.28	8.6	6.89
25.05.1994	9.97	9.96	9.91	9.29	8.4	7.64	8.24	8.23	7.29	6.46	5.92	5.13	4.13	2.96
20.06.1994	10.73	10.8	11.12	12.34	5.54	5.52	5.21	4.48	4.21	3.61	2.88	2.38	0.99	0.29
11.07.1994	12.72	12.83	12.87	13.42	2.57	2.84	3.49	2.88	3.99	3.87	2.51	1.02	0.31	0.29
15.08.1994	9.72	9.68	9.71	9.57	0.17	0.15	0.19	0.12	0.11	0.09	0.13	0.13	0.16	0.14
19.09.1994	8.33	8.36	8.34	8.3	7.92	0.1	0.14	0.07	0.07	0.16	0.11	0.11	0.14	0.14
10.10.1994	8.78	8.82	8.8	8.85	8.86	0.56	0.1	0.13	0.11	0.11	0.11	0.19	0.21	0.18
09.11.1994	9.51	9.49	9.53	9.58	9.51	8.75	0.15	0.17	0.1	0.18	0.17	0.1	0.14	0.07
05.12.1994	7.6	7.68	7.66	7.66	7.61	7.56	7.3	0.24	0.28	0.17	0.31	0.25	0.27	0
06.02.1995	8.63	8.64	8.58	8.61	8.59	8.63	8.61	8.63	8.63	8.57	8.45	8.93	8.98	7.94
06.03.1995	10	10.11	10.09	10.09	10.07	10	10.05	10.04	10.02	10.05	10.06	10.04	9.96	9.63
03.04.1995	13.24	13.35	13.07	12.2	12.1	11.87	11.35	11.68	11.65	11.61	11.56	11.64	11.61	11.63
02.05.1995	11.41	11.82	11.77	11.81	10.51	10.07	9.71	9.93	9.63	9.51	9.57	9.06	7.89	6.87
30.05.1995	12.82	13.19	14.08	14.16	8.41	7.69	7.32	6.79	6.58	6.5	6.64	6.13	3.93	1.42
26.06.1995	13.86	13.87	13.81	11.5	5.72	5.15	5.18	5.34	5.21	5.23	4.14	3.9	1.42	0.39
26.07.1995	13.96	13.65	13.65	6.92	1.11	0.21	1.69	2.63	2.73	1.88	1.87	0.76	0.26	0.21
21.08.1995	9.84	10	9.95	1.15	0.25	0.22	0.11	0.38	0.17	0.34	0.11	0.09	0.16	0.09
18.09.1995	10	10.09	10.13	8.33	3.05	0.08	0.1	0.13	0.08	0.13	0.06	0.1	0.11	0.1
16.10.1995	12.34	12.34	12.34	10.14	6.19	0.17	0.11	0.08	0.11	0.11	0.11	0.09	0.11	0.08
13.11.1995	7.34	7.73	7.68	7.75	7.69	7.57	0.25	0.11	0.13	0.14	0.13	0.08	0.08	0
13.12.1995	4.6	4.56	4.54	4.63	4.57	4.59	4.57	4.63	4.63	4.56	4.49	4.39	4.56	0.49
10.01.1996	5.9	6.02	5.99	5.93	5.94	5.91				5.67		5.64	5.63	5.67
05.02.1996	7.74	7.86	7.78	7.72	7.66	7.77				7.5		6.26	6.08	5.6
04.03.1996	11.93	11.8	11.63	10.92	10.9	10.88	10.84	10.85	10.8	10.53	9.42	8.98	7.8	6.42
01.04.1996	13.25	13.26	13.34	13.33	12.83	12.64	12.62	12.57	12.56	12.47	12.37	12.14	11.58	11.49
29.04.1996	18.43	18.02	18.12	12.7	11.72	11.36	11.02	11.09	11.09	10.99	10.91	10.61	10.34	8.87
29.05.1996	10.23	10.24	10.2	9.67	7.54	7.51	7.84	8.17	7.84	8.19	7.16	6.38	5.65	4.35
24.06.1996	11.3	11.25	11.3	11.19	8.91	4.3	4.47	4.94	5.27	4.87	4.84	3.5	1.94	0.45
22.07.1996	13.76	14.04	14.05	13.48	3.83	1.45	2.09	3.47	3.01	3.37	2.7	1.85	0.24	0.26
19.08.1996	10.48	10.56	10.53	4.84	0.08	0.08	0.09	0.22	0.19	0.59	0.95	1.13	0.11	0.06
23.09.1996	9.9	9.9	9.91	9.91	9.92	0.14	0.1	0.22	0.15	0.14	0.14	0.14	0.11	0.07
21.10.1996	10.24	10.39	10.45	10.18	10.43	1	0.77	0.21	0.27	0.31	0.42	0.26	0.12	0
11.11.1996	10.14	9.89	10.02	9.84	9.88	9.83	3.95	0.25	0.14	0.15	0.35	0.18	0.25	0
09.12.1996	7.16	7.12	7.09	7.07	7	7.09	7.04	6.86	6.69	5.85	0.32	0.25	0.2	0.21
03.03.1997	9.84	9.78	9.81	9.68	9.75	9.61	9.78	9.66	9.6	9.83	9.85	9.49	9.47	9.67
01.04.1997	13.66	13.79	13.67	12.81	12.62	12.33	11.23	10.86	10.6	9.95	9.69	9.76	9.3	8.2
28.04.1997	10.87	10.99	11.21	11.34	10.39	8.09	7.53	7.93	7.87	7.48	6.38	5.92	4.95	4.6
26.05.1997	11.18	11.1	11.11	11.8	7.98	6.58	6.79	5.32	4.88	5.06	4.1	4.06	3.41	0.81
23.06.1997	10.91	10.87	10.86	10.81	9.74	3.37	2.66	2.35	2.15	2.25	2.16	1.09	0.41	0.26
14.07.1997	13.97	14.46	14.73	13.4	4.92	1.49	0.91	1.17	1.38	0.73	0.84	0.23	0.21	0.17
11.08.1997	12.79	12.76	12.77	9.67	0.12	0.1	0.14	0.1	0.11	0.07	0.07	0.07	0.06	0.06
04.09.1997	10.4	10.4	10.23	9.9	0.11	0.16	0.18	0.14	0.08	0.12	0.06	0.12	0.06	0.08
13.10.1997	8.68	8.69	8.78	8.85	8.82	0.31	0.09	0.1	0.11	0.07	0.14	0.07	0.06	0
31.10.1997	8.25	8.74	8.74	8.74	8.67	8.69	0.38	0.2	0.14	0.17	0.25	0.15	0.17	0
08.12.1997	5.75	5.75	5.81	5.75	5.74	5.75	5.81	5.75	5.8	0.29	0.29	0.3	0.29	0
05.01.1998	6.98	6.93	6.92	6.84	6.88	6.77	6.81	6.39	6.78	6.94	6.85	6.84	6.87	6.8
02.02.1998	8.36	8.68	8.45	8.43	8.58	8.67	8.65	8.57	8.56	8.62	8.67	8.5	8.59	8.64
02.03.1998	11.05	11.22	11.19	11.14	10.99	10.56	11.05	10.79	10.27	9.73	9.39	9.01	8.45	6.66
06.04.1998	14.52	14.87	13.82	14.26	12.52	11.91	11.38	10.9	10.28	9.9	9.35	9.17	9.03	7.87
28.04.1998	16.01	14.51	13.47	10.77	10.55	9.81	9.56	9.26	9.03	8.83	8.35	8.22	6.51	6.52
25.05.1998	12	10.77	12.07	12.48	8.06	5.11	5.95	6.61	5.02	5.01	5.01	4.73	3.13	1.42
22.06.1998	12.48	13.65	16.46	14.09	6.32	2.65	2.52	2.76	2.58	2.11	2.3	1.37	0.35	0.29
21.07.1998	12.21	13.38	14.8	11.11	0.95	0.15	0.14	0.37	0.42	0.12	0.14	0.12	0.04	0.03
18.08.1998	11.39	11.53	11.44	11.1	2.09	0.13	0.07	0.04	0.08	0.07	0.1	0.08	0.06	0
14.09.1998	9.3	9.48	9.44	9.51	9.45	0.28	0.14	0.11	0.08	0.07	0.08	0.11	0.11	0
12.10.1998	9.27	9.35	9.35	9.31	9.36	9.09	0.21	0.35	0.28	0.31	0.32	0.43	0.39	0
09.11.1998	7.78	7.78	7.76	7.75	7.68	7.69	7.51	2.77	0.21	0.22	0.21	0.29	0.3	0
07.12.1998	6.11	6.07	6.18	6.23	6.22	6.12	6.24	6.21	6.22	6.15	6.15	6.3	6.18	6.33
04.01.1999	7.27	7.36	7.58	7.21	7.29	7.34	7.23	7.2	7.28	7.3	7.23	7.17	7.01	5.07
03.02.1999	9.06	9.07	8.86	8.85	8.3	8.21	8.2	8.15	8.19	8.16	8.1	8.06	8.08	8.05
01.03.1999	10.36	10.47	10.54	10.45	10.46	10.48	10.35	10.37	10.51	10.48	10.39	10.43	10.48	10.33
29.03.1999	12.56	12.58	12.59	12.41	12.52	12.4	11.59	11.51	11.39	11.39	10.86	10.54	10.09	8.66
26.04.1999	12.38	12.43	13.49	11.29	10.61	10.06	10.07	9.36	9.05	8.58	9.02	8.47	7.44	5.9
25.05.1999	9.46	9.6	9.51	8.6	8.42	7.76	6.95	6.87	6.01	5.86	5.94	5.27	4.39	2.97
21.06.1999	13.19	13.22	13.31	6.16	4.34	5.05	5.12	5.13	5.09	4.52	3.78	2.78	2.75	0.72
19.07.1999	15.99	16.29	15.96	0.52	0.11	1.93	2.47	2.66	2.5	2.29	1.55	1.34	1.11	0.31
16.08.1999	10.1	10.12	10.16	5.27	0.2	0.17	0.11	1.33	1.3	1.37	1.14	0.17	0.22	0.22
06.09.1999	11.08	11.21	11.15	9.54	0.17	0.14	0.19	0.17	0.11	0.07	0.07	0.08	0.1	0
08.11.1999	8.56	8.65	8.56	8.48	9.86	6.03	0.36	0.17	0.11	0.17	0.08	0.13	0.07	0.15
06.12.1999	5.9	5.87	5.77	5.87	5.87	5.88	5.95	5.87	5.95	5.88	3.75	2.88	2.23	0.49
22.02.2000	11.35	11.44	11.42	11.51	11.19	11.29	11.34	11.19	11.17	11.06	10.64	10.66	10.95	11.06
20.03.2000	12.78	13.58	12.81	13.49	13.75	11.85	11.73	11.52	11.57	11.45	11.34	11.26	11.15	10.85
06.04.2000	14.72	15.98	14.59	14.34	14.16	13.41	12.67	11.85	11.37	11.75	9.31	7.83	7.59	4.32
15.05.2000	12.65	12.66	12.82	16.29	6.37	6.54	7.65	7.86	7.68	7.89	7.41	6.86	6.07	3.67
13.06.2000	11.77	11.86	12.19	11.62	3.32	2.29	3.1	5.08	4.24	4.33	4.32	4.6	4.01	1.09
10.07.2000	10.94	10.92	10.97	8.99	0.78	0.25	0.77	2.33	2.78	2.44	2.17	0.71	0.42	0.41
07.08.2000	10.12292	9.728978	9.43078	5.372374	0.5498282	0.4247788	0.4182642	0.4194338	0.3913347	0.3914715	0.3913347	0.3788145	0.2245614	0.2381786
06.09.2000	9.55	9.65	9.68	9.27	0.11	0.15	0.14	0.13	0.15	0.14	0.17	0.09	0.08	0.01
06.11.2000	8.38	8.42	8.34	8.06	8.3	1.53	0.21	0.2	0.12	0.11	0.12	0.13	0.18	0
13.12.2000	7.59	7.6	7.64	7.61	7.63	7.69	7.41	4.11	0.29	0.34	0.36	0.36	0.4	0.24
23.01.2001	5.32	5.28	5.17	5.32	5.24	5.23	5.18	5.14	5.14	5.15	5.13	5.55	5.62	5.34
19.02.2001	8.89	8.8	8.68	8.54	8.57	8.51	8.66	8.52	8.49	8.5	8.43	8.35	7.99	7.04
26.03.2001	10.55	10.62	10.61	10.58	10.55	10.52	10.46	10.4	10.37	10.36	9.91	9.69	9.51	9.39
24.04.2001	11.90214	11.92725	11.81007	11.66778	11.55897	11.4669	10.2114	9.19026	8.48718	8.11053	7.70877	7.54137	7.26516	5.56605
30.05.2001	10.9	10.89	12.77	12.72	7.72	6.65	5.86	5.73	5.22	4.63	3.86	3.88	3.11	1.67
25.06.2001	12.88	15.42	14.4	11.8	5.91	4.76	4.18	3.72	3.13	3.26	2.07	1.72	1.15	0.11
23.07.2001	13.6	14.3	12.17	9.16	0.33	0.62	0.83	0.42	0.66	1.23	0.21	0.06	0.06	0.06
27.08.2001	10.24	10.16	10.96	4.21	0.17	0.17	0.11	0.1	0.08	0.08	0.08	0.08	0.07	0.07
24.09.2001	9.69	9.58	9.53	9.52	9.47	0.17	0.11	0.08	0.07	0.08	0.06	0.1	0.07	0.08
22.10.2001	10.21	10.18	10.2	8.2	2.77	0.14	0.15	0.12	0.11	0.11	0.11	0.11	0.11	0.11
19.11.2001	6.62	6.57	6.55	6.52	6.51	6.52	6.51	6.4	0.13	0.12	0.11	0.1	0.1	0.1
17.12.2001	5.64	5.61	5.59	5.58	5.54	5.5	5.51	5.51	5.5	5.49	5.59	5.58	5.64	5.64
28.01.2002	8.65	8.58	8.58	8.55	8.48	8.43	8.41	8.38	8.35	8.28	8.23	8.17	8.14	8.16
28.02.2002	9.88	9.86	9.79	9.76	9.72	9.7	9.7	9.67	9.67	9.65	9.64	9.62	9.63	9.68
25.03.2002	12.88	12.87	12.88	12.76	12.61	11.79	11.6	11.57	11.41	11.34	11.26	10.86	10.32	9.92
29.04.2002	10.89	10.9	10.88	10.87	10.42	8.97	8.65	8.95	8.45	7.7	7.54	7	5.39	4.89
27.05.2002	11.28	11.34	11.29	9.5	5.77	5.9	5.88	6.15	6.31	5.45	5.06	4.38	2.14	2.03
25.06.2002	11.87	11.9	12.03	13.94	3.57	3.3	4.06	4.34	3.79	3.83	3.39	2.85	1.36	0.08
22.07.2002	11.58	11.59	11.55	10.78	0.62	0.87	1.27	1.8	1.38	0.85	0.94	0.23	0.07	0.06
26.08.2002	14.98	14.97	15.39	6.2	0.21	0.12	0.1	0.1	0.09	0.07	0.05	0.05	0.05	0.05
23.09.2002	9.06	9.05	9.08	8.88	4.5	0.08	0.07	0.06	0.05	0.05	0.05	0.05	0.05	0.04
21.10.2002	9.04	8.98	8.98	8.92	8.91	8.56	0.12	0.08	0.09	0.07	0.07	0.06	0.06	0.05
18.11.2002	8.04	8.02	8	8.01	7.97	7.97	7.87	5.47	0.17	0.07	0.05	0.05	0.05	0.05
16.12.2002	5.72	5.71	5.69	5.65	5.67	5.67	5.68	5.87	6.37	6.91	1.12	0.09	0.05	0.07
20.01.2003	7.17	7.2	7.14	7.15	7.14	7.13	7.11	7.14	7.12	7.12	7.16	7.27	7.43	7.37
10.03.2003	12.11	12.11	12.1	11.81	11.77	11.58	11.41	11.22	11.13	11.08	10.9	10.83	9.12	6.62
14.04.2003	15.02	15.02	14.29	13.5	11.45	10.94	10.73	10.43	10.35	10.13	10	9.56	8.42	8.36
19.05.2003	10.11	10.1	10.1	9.41	8.99	8.07	7.42	7.52	6.48	5.98	5.84	5.66	4.01	3.01
16.06.2003	10.3	10.4	10.2	10.8	6.6	5.5	5	4.7	4.6	3.9	3.9	3.4	1.8	0.3
30.06.2003	13.06	13.11	13.31	16.82	6.01	3.88	3.83	3.72	2.7	2.92	3.3	1.55	1.34	0.09
11.07.2003	12.73	12.72	13.1	9.63	4.19	3.42	2.39	2.46	2.8	2.73	2.15	1.01	0.28	0.25
21.07.2003	11.92	11.98	11.99	10.36	1.73	1.97	1.55	1.57	1.95	1.78	1.18	0.73	0.56	0.13
13.08.2003	13.11	13.45	14.34	5.64	0.27	0.21	0.19	0.15	0.47	0.53	0.19	0.11	0.1	0.09
16.09.2003	10.09	10.08	10.07	10.05	1.13	0.24	0.16	0.16	0.17	0.2	0.19	0.19	0.21	0.21
20.10.2003	9.24	9.23	9.25	9.2	9.2	5.72	0.12	0.09	0.09	0.1	0.1	0.11	0.11	0.12
17.11.2003	9.09	9.06	9.02	8.93	8.98	8.81	8.65	0.13	0.1	0.11	0.09	0.1	0.1	0.13
11.12.2003	7.63	7.63	7.64	7.6	7.6	7.61	7.6	7.57	0.22	0.09	0.09	0.09	0.09	0.11
26.01.2004	8.42	8.37	8.32	8.28	8.26	8.26	8.38	8.5	8.53	8.56	8.59	8.6	8.55	8.38
16.02.2004	10.11	10.12	10.07	10.04	10	9.94	9.93	9.92	9.9	9.86	9.61	9.94	9.84	9.83
08.03.2004	11.93	11.9	11.9	11.9	11.91	11.86	11.87	11.85	11.89	11.77	11.6	11.04	10.19	5.25
14.04.2004	13.16	13.17	13.13	13.02	12.88	12.11	11.49	11.25	11.09	10.72	10.5	10.33	9.75	9.11
18.05.2004	10.75	10.76	10.7	10.17	9.31	7.4	7.16	7.22	6.79	6.53	6.09	5.67	4.94	3.36
21.06.2004	11.49	11.64	11.51	10.03	4.36	4.03	3.55	4	4.22	4.55	3.13	2.29	1.67	0.1
19.07.2004	12.69	12.6	13.33	9.45	0.47	0.91	1.24	1.02	0.79	0.63	0.66	0.47	0.11	0.12
16.08.2004	10.68	10.79	10.86	7.04	0.1	0.11	0.1	0.08	0.08	0.07	0.06	0.06	0.06	0.05
20.09.2004	9.79	9.81	9.78	9.77	0.13	0.14	0.15	0.08	0.13	0.08	0.09	0.08	0.06	0.08
18.10.2004	8.76	8.72	8.72	8.69	8.67	0.27	0.09	0.08	0.08	0.08	0.07	0.08	0.07	0.08
15.11.2004	7.99	8.03	8.04	8.05	8.05	7.8	0.11	0.12	0.1	0.1	0.1	0.1	0.11	0.12
13.12.2004	6.83	6.82	6.81	6.79	6.86	6.87	6.89	6.89	6.46	0.15	0.08	0.08	0.09	0.08
31.01.2005	9.32	9.28	9.26	9.23	9.04	9.04	8.95	8.81	8.77	8.69	8.65	8.75	8.59	8.44
21.02.2005	10.7	10.7	10.76	10.54	10.5	10.43	10.36	10.3	10.23	10.01	10.13	10.07	10.03	9.77
15.03.2005	12.34	12.33	12.26	12.14	12.1	12.07	12.07	12.07	12.06	12.04	12	12.01	11.94	12.74
19.04.2005	13.99	14.09	14.16	13.94	12.42	11.13	10.86	10.78	10.83	10.71	10.71	10.18	9.69	8.98
23.05.2005	10.46	10.46	10.65	10.72	8.5	6.5	5.97	5.92	6.31	5.44	5.94	5.79	4.14	2.18
20.06.2005	9.74	9.76	9.83	10.45	6.53	4.88	4.32	4.53	4.91	3.52	3.31	2.7	0.67	0.18
18.07.2005	12.37	12.41	13.08	11.95	5.45	3.18	2.56	2.67	2.35	3.5	2.81	2.16	1.16	1.09
22.08.2005	9.7	9.69	9.69	9.56	0.2	0.09	0.07	0.05	0.06	0.06	0.05	0.05	0.05	0.05
19.09.2005	7.69	7.67	7.7	7.68	0.19	0.14	0.13	0.12	0.12	0.11	0.1	0.11	0.11	0.12
17.10.2005	9.92	9.92	9.91	9.91	4.71	0.18	0.08	0.08	0.07	0.05	0.05	0.05	0.05	0.05
14.11.2005	8.01	8.01	7.97	7.99	7.95	1.14	0.07	0.05	0.05	0.09	0.05	0.05	0.05	0.05
12.12.2005	5.56	5.58	5.57	5.55	5.56	5.53	5.49	5.5	5.46	0.11	0.05	0.08	0.04	0.04
27.02.2006	9.46	9.43	9.41	9.38	9.22	9.05	8.92	7.33	5.35	6.65	3.81	5.61	4.6	0.45
20.03.2006	10.73	10.96	11.04	11.37	11.46	10.58	10.58	10.43	10.08	9.93	9.79	8.73	5.17	6.76
18.04.2006	14.45	14.46	14.02	13.29	13.2	12.83	11.79	11.56	11.42	10.62	9.75	9.06	8.76	8.49
15.05.2006	9.74	9.74	10.09	10.12	9.21	8.21	7.53	7.45	7.05	6.87	6.06	5.78	4.18	1.68
12.06.2006	11.57	11.68	12.2	15.02	7.06	6.01	5.1	4.8	4.39	4.47	3.8	3.11	0.8	0.13
10.07.2006	12.71	12.74	12.77	11.59	6.74	2.44	2.22	2.24	2.54	2.19	2	0.89	0.3	0.14
14.08.2006	9.72	9.65	9.63	9.55	0.2	0.13	0.13	1.93	1.19	0.42	0.1	0.1	0.15	0.14
12.09.2006	13.67	13.9	15.09	8.48	0.3	0.27	0.21	0.19	0.18	0.17	0.16	0.15	0.14	0.14
16.10.2006	9.08	9.08	9.02	8.85	8.75	0.17	0.12	0.14	0.1	0.14	0.12	0.13	0.12	0.11
06.11.2006	7.97	7.92	7.97	7.98	8.18	7.15	0.25	0.23	0.14	0.14	0.11	0.1	0.11	0.13
04.12.2006	7.82	7.82	7.8	7.76	7.73	7.71	7.58	0.16	0.2	0.15	0.14	0.1	0.12	0.14
22.01.2007	7.5	7.48	7.5	7.47	7.46	7.4	7.36	7.34	7.29	7.3	7.28	7.2	7.25	7.13
12.02.2007	8.62	8.58	8.6	8.57	8.55	8.56	8.56	8.51	8.45	8.43	8.41	8.33	8.09	7.96
12.03.2007	12.62	12.68	12.48	12.09	11.54	11.37	10.89	9.7	9.6	9.46	9.37	8.7	8.3	7.74
10.04.2007	13.9	13.92	14.06	11.44	10.85	10.28	9.84	9.46	9.11	8.67	8	7.69	6.61	5.39
14.05.2007	10.03	10.06	10.09	9.89	9.56	6.63	6.21	5.65	5.44	5.1	3.97	3.78	3.28	0.07
11.06.2007	10.65	10.61	11.13	9.77	5.47	4.5	3.6	3.23	2.46	2.61	2.23	1.31	0.04	0.02
09.07.2007	10.84	10.78	10.35	7.86	0.21	0.14	0.38	0.23	0.4	0.05	0.05	0.04	0.04	0.03
06.08.2007	12.77	12.88	13.04	8.29	0.25	0.28	0.23	0.21	0.19	0.17	0.14	0.13	0.12	0.13
11.09.2007	10.5	10.42	9.91	10.03	3.61	0.57	0.68	0.68	0.56	0.56	0.64	0.81	0.71	0.76
08.10.2007	10.85	10.82	10.69	8.47	4.09	0.24	0.25	0.25	0.2	0.21	0.15	0.14	0.13	0.13
05.11.2007	7.1	7.08	7.07	7.05	7.03	7.06	6.16	0.17	0.11	0.12	0.1	0.08	0.08	0.08
05.12.2007	6.08	6.05	6.02	6.04	6.04	6.04	6.03	6.03	6.03	6.01	6	6.03	6.02	5.96
14.01.2008	7.77	7.73	7.71	7.68	7.64	7.64	7.62	7.63	7.64	7.63	6.82	7.07	7.89	6.21
11.02.2008	9.36	9.35	9.28	9.22	9.2	9.16	9.16	9.15	9.13	9.12	9.01	8.09	6.67	8.91
10.03.2008	11.83	11.8	11.81	11.73	11.64	11.03	10.78	10.74	10.73	10.68	10.72	10.67	10.67	10.4
15.04.2008	13.27	13.23	13.22	12.76	12.18	11.62	11.52	11.4	11.11	10.73	10.15	9.83	9.77	9.31
13.05.2008	13.83	13.73	16.76	10.97	5.78	6.37	7.75	7.62	7.94	7.78	7.48	7.04	6.48	5.88
09.06.2008	11.49	11.52	11.42	6.24	2.61	3.77	3.89	3.7	5.04	4.65	5.14	4.13	1.07	1.28
14.07.2008	10.02	9.98	9.99	9.9	0.26	0.19	0.43	1.56	1.38	0.79	0.68	0.23	0.09	0.09
11.08.2008	11.5	11.46	11.2	6.53	0.15	0.16	0.18	0.11	0.13	0.08	0.09	0.07	0.07	0.07
15.09.2008	6.97	6.91	6.87	6.81	0.37	0.07	0.07	0.06	0.05	0.05	0.05	0.05	0.05	0.05
13.10.2008	11.2	11.19	10.44	9.4	7.88	0.1	0.07	0.06	0.06	0.07	0.05	0.04	0.04	0.02
10.11.2008	7.06	7.03	6.94	6.91	6.86	6.76	0.14	0.14	0.13	0.12	0.12	0.11	0.09	0.08
08.12.2008	5.74	5.69	5.68	5.68	5.67	5.7	5.66	5.67	5.67	5.77	5.79	0.88	0.08	0.01
09.02.2009	8	7.99	7.99	7.98	7.94	6.46	6.09	6.13	5.79	5.42	5.35	5.05	5.25	5.75
02.03.2009	9.66	9.63	9.59	9.54	9.42	9.37	9.41	9.4	9.13	8.7	8.02	7.49	8.52	8.51
06.04.2009	14.14	14.21	15.81	14.55	12.95	13.14	12.72	12.43	12.23	11.77	11.37	11	9.95	8.42
11.05.2009	13.8	13.98	14.42	11.86	11.01	9.72	8.82	8.33	8.52	7.86	6.5	5.96	4.89	3.46
15.06.2009	12.27	12.41	13.02	10.31	8.36	6.47	5.21	4.99	4.68	4.12	4.82	3.42	1.79	0.1
13.07.2009	13.65	13.4	12.87	9.92	5.08	3.94	3.7	3.5	4.19	3.83	3.46	2.95	1.46	1.84
10.08.2009	12.58	12.48	10.28	5.62	0.27	0.25	0.19	0	0	0	0	0	0	0
07.09.2009	8.06	8.06	8.05	6.8	2.84	0.29	0.2	0.16	0.13	0.13	0.14	0.11	0.11	0.11
19.10.2009	7.27	7.21	7.06	7.09	7.1	6.93	0.001	0.001	0.001	0.001	0.001	0.001	0.001	0.001
09.11.2009	7.89	7.87	7.87	7.8	7.84	7.81	7.63	0.15	0.16	0.11	0.1	0.08	0.07	0.04
07.12.2009	7.58	7.62	7.51	7.5	7.46	7.46	7.02	3.47	0.08	0.07	0.08	0.06	0.05	0.03
11.01.2010	6.48	6.43	6.39	6.37	6.36	6.34	6.35	6.41	6.48	6.41	6.61	6.57	6.67	6.64
08.02.2010	8.62	8.61	8.6	8.6	8.6	8.58	8.59	8.58	8.5	8.21	7.52	7.01	7.1	8.55
10.03.2010	10.51	10.49	10.46	10.44	10.4	10.38	10.39	10.38	10.34	10.34	10.34	10.28	10.23	10.2
12.04.2010	13.74	13.71	13.69	13.03	11.49	10.72	10	9.94	9.8	9.73	9.5	9.07	8.72	7.43
10.05.2010	9.87	9.86	9.85	9.66	8.26	6.98	6.72	6.77	6.38	6.27	6.03	4.49	3.66	2.97
14.06.2010	10.15	10.17	10.18	8.54	6.93	4.92	4.3	3.82	3.86	4.09	3.81	4.41	3.37	1.67
12.07.2010	12.2	13.92	14	7.25	2.36	2.06	2.66	3	1.98	1.65	2.55	1.53	0.5	0.07
09.08.2010	14.14	14.11	10.3	9.09	1.2	0.09	0.06	0.16	0.16	0.14	0.03	0.07	0.05	0.04
15.09.2010	9.44	9.43	9.39	9.4	2.94	0.13	0.09	0.05	0.03	0.05	0.05	0.03	0.03	0.04
18.10.2010	7	6.96	6.96	6.98	6.98	6.95	0.1	0.09	0.06	0.06	0.08	0.06	0.08	0.07
08.11.2010	7.68	7.7	7.65	7.62	7.63	7.62	0.74	0.19	0.19	0.18	0.16	0.15	0.16	0.16
07.12.2010	5.73	5.69	5.68	5.67	5.61	5.61	5.58	5.23	0.11	0.08	0.09	0.07	0.08	0.07
10.01.2011	7.21	7.19	7.13	7.12	7.02	6.9	6.72	6.61	6.64	6.62	6.56	6.34	6.2	5.71
14.02.2011	9.46	9.52	9.5	8.73	8.83	8.7	8.66	8.63	7.53	7.31	7.39	5.1	4.08	2.27
07.03.2011	10.19	10.18	10.09	10.16	10.17	10.16	10.15	10.11	10.01	9.96	9.97	9.98	5.5	2.29
05.04.2011	14.81	14.91	15.06	14.91	13.85	10.79	10.98	10.03	9.37	8.83	8.9	8.06	5.46	4.34
06.06.2011	9.45	9.48	9.87	9.7	11.04	7.73	4.54	4.45	4.08	3.65	3.28	2.18	0.59	0.06
11.07.2011	11.43	11.53	11.53	11.87	8.39	5.33	2.89	1.61	1.76	1.44	1.19	0.11	0.07	0.06
15.08.2011	11.66	11.58	8.89	6.16	2.53	0.16	0.06	0.06	0.06	0.04	0.04	0.04	0.04	0.05
14.09.2011	11.83	11.8	11.69	6.86	0.89	0.04	0.06	0.03	0.06	0.03	0.03	0.03	0.02	0.02
10.10.2011	7.48	7.44	7.45	7.45	7.31	0.06	0.03	0.03	0.02	0.01	0.02	0.02	0.01	0.01
07.11.2011	8.87	8.86	8.82	8.84	8.82	8.82	0.28	0.1	0.06	0.08	0.09	0.05	0.07	0.04
12.12.2011	7.18	7.15	7.13	7.1	7.11	7.04	7.03	6.99	5.77	0.19	0.12	0.11	0.14	0.12
09.01.2012	8.3	8.2	8.2	8.2	8.2	8.2	8.2	8.2	8.2	8.2	8.2	8.2	8.2	8.2
05.03.2012	12.2	12.2	12.1	12.1	11.8	11.7	11.6	11.4	11.5	11.4	11	9.7	8.7	10
02.04.2012	15.8	15.9	16.3	16.8	13.6	12.8	12.6	12.2	11.4	10.8	9.4	7.6	6.2	4.4
07.05.2012	11.2	11.2	11.2	11.8	9.6	8.9	8.2	7.2	7.1	6.4	5.9	4.9	3.6	2.9
04.06.2012	9.9	9.8	9.9	10.8	9.1	7.1	6.2	5.6	5.1	5	4.3	3.9	2.2	1.6
02.07.2012	11.7	11.9	12.1	12.2	5.8	3.7	3	2.8	2.9	2.8	2	1.5	0.7	0.2
06.08.2012	11.1	10	11.2	7.1	2.6	0.9	0.7	0.6	0.7	0.3	0.1	0.1	0.1	0.1
03.09.2012	7.7	8.2	8.4	8.1	5.9	0.3	0.2	0.1	0.1	0.1	0.1	0.1	0.1	0.1
01.10.2012	8.8	8.7	8.6	8.6	8.6	0.3	0.2	0.2	0.3	0.3	0.3	0.3	0.2	0.2
05.11.2012	7.9	8	7.8	7.8	7.8	7.7	7.1	0.1	0.1	0.1	0.1	0.1	0	0
10.12.2012	8.2	8.2	8.1	8.1	8.1	8	8.1	8	8	8	1.8	0.1	0.1	0.2
08.01.2013	9	9	9.1	9.1	9.1	9.2	9.2	9.2	9.2	9.2	9.2	10	10	9.7
04.02.2013	13.3	13.4	13.5	13.5	13.6	13.6	13.6	13.6	13.7	13.7	13.8	13.8	13.8	13.9
04.03.2013	13.8	13.9	13.9	13.8	13.7	13.6	13.5	13.5	13.5	13.3	11.4	10.5	9.2	8.1
08.04.2013	13.6	13.5	13.4	13.2	13.1	13.1	13	13	12.9	12.9	12.9	12.8	8.9	1.1
13.05.2013	11	11.1	11.2	10.9	11	10	9.6	10	9.5	9.3	8.5	7.2	4.6	4.6
03.06.2013	10.3	10.2	10.2	10	9.4	8.3	7.8	7.4	7.3	7.1	7	6.7	6.5	4.4
01.07.2013	9.4	9.4	9.4	8.9	6.9	5.9	5.7	5.5	5.5	5.5	4.5	3.1	1.3	0.2
05.08.2013	11.8	12	12.4	10.1	3.5	3.6	4.4	4.1	4.4	2.8	2.4	1.8	0.2	0.2
02.09.2013	11.3	11.3	11.2	5.9	0.8	0.8	1.3	1.1	0.9	0.6	0.6	0.2	0.2	0.2
07.10.2013	9.6	9.6	9.6	9.5	9.4	0.3	0.2	0.2	0.2	0.2	0.2	0.2	0.2	0.2
04.11.2013	8.5	8.5	8.4	8.4	8.4	8.3	0.3	0.3	0.3	0.2	0.2	0.2	0.2	0.2
02.12.2013	7.5	6.9	6.8	6	6.9	6.5	6.3	0.3	0.2	0.1	0.2	0.2	0.1	0.1
07.01.2014	6.42	6.83	6.5	6.42	6.19	6.15	6.14	6.13	6.11	5.95	3.22	0.61	4.24	4.68
03.02.2014	8.1	8.1	8	8	8	7.9	7.8	7.6	7.6	7.7	7.8	7.2	2.1	4.9
03.03.2014	12.79	12.82	12.77	12.76	12.61	12.16	9.66	9.28	8.95	9.15	7.53	6.34	4.92	3.51
07.04.2014	13.2	13.2	16	14.2	11.3	10.3	9.6	8.7	8	7	5.3	4.5	2.7	1.8
05.05.2014	10.5	10.5	10.6	10.5	9.5	8	7.2	6	5.7	5.2	4.2	3.6	2.9	1
02.06.2014	10.9	10.9	11	11.1	9.1	6.2	4.4	3.3	3.4	2.6	1.7	0.7	0.1	0.06
07.07.2014	11.6	11.6	11.6	10.2	6.2	3.45	1.5	1.5	1.5	0.6	0.2	0.1	0	0
04.08.2014	13.7	13.7	13.4	7.5	2.1	0.2	0.1	0.1	0.2	0.1	0.01	0.01	0.01	0.01
01.09.2014	11.6	11.6	11.5	10.8	3.6	0.1	0.1	0.1	0.1	0.1	0.1	0.1	0.1	0.1
06.10.2014	11.7	11.66	11.47	10.8	0.9	0.2	0.2	0.1	0.1	0.1	0.1	0.1	0.1	0.2
03.11.2014	7.9	7.9	7.9	7.9	7.8	7.8	0.2	0.1	0.1	0.1	0.1	0.1	0.1	0.1
01.12.2014	8.6	8.6	8.6	8.6	8.6	8.6	8.6	0.3	0.2	0.2	0.2	0.2	0.2	0.2
